213
200
201
208
207
202
203
194
190
190
193
194
194
202
222
221
217
221
215
190
176
189
175
166
180
179
178
177
180
192
202
213
224
230
189
202
193
195
198
184
176
170
172
171
182
184
200
203
219
205
202
190
182
178
182
188
196
198
191
183
188
207
210
211
217
218
206
179
182
190
178
168
175
190
187
193
198
201
213
223
217
212
201
206
187
192
184
190
181
184
178
186
187
202
220
217
228
227
208
200
200
210
206
208
205
186
188
192
198
220
226
231
226
206
198
201
177
189
193
178
179
194
185
182
184
207
212
222
248
233
238
227
222
232
221
219
199
195
206
209
211
218
229
214
230
225
223
204
204
184
191
195
183
185
177
185
189
214
215
219
223
200
184
178
185
184
183
177
